357.3797047239702
7916.004579701774
399.767285835928
1313.1197110777593
4316.72348266896
2475.1187891871805
2808.801439720765
45.02563291971518
3713.5608244559635
5074.488127572363
2609.866036103681
855.1415006131768
1688.6254290542024
1095.5875975188212
1888.0514148324924
910.5497937880957
1857.950870710512
2000.6197186250852
265.90607068043283
53.60437285483188
2279.013173221678
1980.7562232654675
214.61961795096184
444.6804219826239
655.5632154293556
125.4592793882292
1045.260883513477
5245.375549772402
4287.174540420491
973.3051557450523
375.4994696543945
6735.516248466578
4.680582565197433
984.2768185392092
79.57757941566834
85.1401330146495
10683.029727130111
1743.1639974741177
626.3582710524629
4518.727233084386
489.80507369198455
479.23036782996365
2.5300121216154103
771.6659353052213
113.65561250504808
2281.8710844364377
9693.368671227765
3281.8008004012136
13447.411413598642
41.51614530530922
805.5250380582856
3917.1700573695343
327.5417450856577
1902.732634503712
645.8957687116573
706.2407451783104
578.8446790994994
218.5544163814779
226.34588057632854
2092.57223113638
152.1026364993072
3241.0512105666367
939.4660686138701
242.27292510357046
0.8035391368066414
11941.586011162153
4631.835100969928
181.5869085388222
224.34451035051595
130.3703678570911
859.9677286817875
101.85053276895451
1137.0170153622848
5313.12489552006
13.348746011698776
567.5036913256881
182.6348320345561
65.46560476357044
1447.449518896393
6851.38779199792
680.9848767741599
500.3593188788069
85.8798808069161
8747.460665978268
2.1495085798073355
6787.982657035663
208.47532374417278
12781.619848417758
1469.9210541845086
720.7983392164663
4001.8281651425846
2926.793712700293
2446.3594505867436
321.19394538112635
801.6891647353974
392.87695276672974
455.4885471710568
11303.041227122869
135.1503913571306
412.80354149021423
2642.9315752854563
330.5388097174067
511.5457210673302
691.9761292610626
1908.3137813873386
469.5100631128768
290.27617262850083
974.0026896549847
794.1060206250072
3288.9061550285483
999.1752083175597
10530.795140567572
1281.0004864691193
305.3367301160792
159.1247724731959
480.35354232155436
633.0104069251829
1113.2194537299079
1521.463568932646
2252.45446542397
9627.305244206986
355.65434604007964
87.81205849425211
1994.4035558850383
186.96560759248194
308.4607409802986
388.3656375072153
438.314088765146
1280.8570485495109
678.6116919371366
6695.669411390137
14660.746503854183
1113.8073778506953
20.13604092727661
13255.290576631396
160.08591988370125
241.4922441926648
3076.9837735425185
18796.0921324949
3024.95998513308
4168.469934355768
4568.176019576276
1082.1474520233521
81.35692573782993
9704.593188898747
627.5320562674214
2698.0058363686553
737.1725749766745
745.5515884046359
5736.700074935008
6868.07922396413
1079.8062773590855
138.34282696525423
3842.260765120009
39.46812650503784
1507.6372512263126
146.71806253259146
5041.720598193045
1894.314714566292
2163.110218927644
151.36840691387653
8.694098838180064
218.07072199930832
1259.9281061194233
192.20925405433186
2401.3022560838813
163.03248393395586
1024.9149163841564
217.37879567185203
2796.6588566526007
12528.08850120053
161.58124995425683
8033.348094794935
55.60716723923554
1665.880954058674
6518.824470261775
302.7355977986201
90.53195249946188
1783.043134813267
121.57527712418626
4396.445278882244
2005.1242438087424
4439.40275497564
957.0600479935521
560.8670293634543
1800.9620121325343
757.9913231411939
210.5975695872675
575.7439190871904
1957.247726059097
338.5787716378763
1486.2657354125174
3933.7223759966287
101.11991655167296
117.23938200410844
1366.9008095320455
65.21451592069738
13303.381468451258
661.0007319319822
3365.138344356755
901.235281020496
540.8964540988381
567.5360944884966
456.78294571750433
2337.8749406492093
162.40654170941448
3816.872804178839
4027.3089459558983
3666.0287368297295
10028.10772783822
27.848284433407144
2083.426315999304
676.4276971709005
884.1991018825213
2531.545631607457
21.91278488671289
357.7850502086366
5306.510502989126
272.4710729607449
758.5739434290196
26.30965141859898
4786.157714801298
9826.935223404798
1297.9804762328517
697.7795035802093
2222.8010839143717
953.2806961032425
376.1041822690214
58.08576706207713
38.00449521040861
3252.270204526997
3003.5518022878737
142.85749251489176
364.1347537188144
1146.8430771539583
5549.684359474306
1108.1281804457776
1320.9000702745998
4128.705713250402
3881.391125730871
167.62099697871236
166.57326424761587
1199.4652181160914
288.9413852684486
2512.3071760894677
153.63590829019503
88.95654879097492
2536.5341184937497
352.5855830381008
2154.265018896473
1262.06390119169
934.0706442027557
501.74803873304086
197.49461778310052
3648.3129832423524
1288.7903976125715
932.0499018407702
229.37694379252525
3756.441053457671
398.4142205958441
452.7326529138675
134.00961339978812
8273.921738122202
8864.567171372006
308.54594075889753
782.5100323049394
1039.3407602875104
2683.2969809992615
260.0015487773444
3511.3060630757363
917.7813374681598
963.924719518583
85.29623121917851
478.6316755899578
721.8344416782485
1773.2157062409492
2440.6822223086324
79.00953006551026
344.99330922522773
925.6305598713266
1964.3647076080795
2399.4072377114153
381.03107552829306
12823.43919428155
1289.9614920748647
1449.2527491589135
834.1853444257085
265.4716720577599
138.1798549772939
12524.385139242988
420.5647637791077
692.1064557375179
700.8277657074568
1021.5261171232947
1927.6156582542003
86.72037196088
111.86148878807867
815.6370475298269
1196.0359461961611
1443.0980439618102
7769.618215630802
2352.0011360819603
43.83453564842377
289.59334991407457
350.4838326484405
2741.5483704750554
108.20745204230819
406.4904393459634
5811.955167842598
598.6501858410875
2662.6591945034475
279.9452784262857
405.4318719868721
601.769079386727
4938.962282882331
345.26598026355384
73.6508628533472
4737.2773623394205
4118.546477525287
6132.708710606138
2344.7101468104024
2041.9696191760095
110.90309011591026
9354.160016856671
5910.75199024459
1837.5055791150064
5862.690394874193
3323.359825707328
1923.3381368880976
1788.408415110876
2138.9473909595445
1023.2588636685635
2721.794375106346
2244.880325455834
116.13999419561871
1188.5460389986836
478.1457391443422
4986.305778226186
192.42606505636138
1102.3507067030368
1054.037307892386
2584.1106484836064
453.8662343290922
793.0765488337044
827.8430408593885
3573.052150933653
2619.0186980320827
320.1430005143835
474.26808616699566
2609.4613532442468
1924.8088785175698
951.4684524768224
1597.842515749015
2086.6170521889994
490.8767577078033
2653.299404226328
1633.9594908233112
5.385399325996687
115.00662585937071
151.7730626742986
1833.2793010535254
10908.553577679559
557.321026280011
422.5469835936746
3464.8028983266354
1106.39572569724
258.74145485390574
4440.334842293836
69.3650006669877
2429.925803518429
318.769415074982
225.6716013788851
782.8926237489542
817.2577946309323
391.45387865093807
769.4457684582434
180.83735945552127
64.78080744034554
1312.6672078917268
12050.917553384543
245.9691268933084
322.10034406839895
222.37287944955054
5708.252897803079
6601.885998946444
665.4518961453193
556.8319890180807
30.838655252540814
367.19206524131744
454.5751797439768
4024.1557216094347
2765.156584640893
48.052269757370425
103.83526297342848
676.805643804268
431.9804222192136
2046.5870200702009
5.15479589459078
119.81178969723283
89.32137411291619
2152.721292311388
304.05598504974483
366.15248598543815
6379.794528417815
584.7220599229153
77.26368785039296
283.9803984703182
24.34289194613859
2638.3294770858324
863.451224742684
832.7464201988378
3972.457368760085
3428.766952278961
27.992448292413208
243.0716387741727
1667.4661250055124
958.8932787255477
260.35501571815
234.6173333934054
44.24937189957401
1334.1650274986016
101.09830340454539
688.1524384016235
346.6623051054496
474.7827554975825
161.0106658896493
5013.545092177429
194.31207116115124
86.06524962316841
2494.408568741957
1393.7320921167284
875.904004534378
6331.9780459303975
4202.504861133871
349.09362925474863
7847.984411612385
1950.9256111047923
686.4951713996259
1182.855370426128
65.40276230294629
1053.3429397275086
1153.4764285184074
75.76250681317065
149.07104609308553
3871.8692300703683
1802.4666601718752
3183.2316765392775
613.1452894965528
300.1389894033424
1808.3499842179274
2531.0231698419507
7390.214878513124
57.73814021440282
1479.737911206669
154.6296817145132
13.943114667602785
559.6566883621979
122.52222040366468
431.7266511056794
194.72949260191942
1268.110329087113
1367.3019432117294
267.3138563887734
1127.5818073527066
666.6097232738811
1007.0539307980298
9625.923696867478
365.47247995198927
108.42063495968279
5587.777662595405
810.4512939393182
20.184593199068512
760.9709008740251
16097.223343084743
1403.935810832624
551.1472951478469
1858.5101811457228
69.58780753556493
4.7639849779068655
5037.096363949944
1849.912285152988
1278.819851107782
429.0818841952815
1780.9983107106907
2144.8017708483035
1898.4915302240224
240.7006397574296
5141.510706270225
516.0597929953937
202.54874696395976
440.18114584478684
819.6018612416922
243.05056195583762
67.59615221079152
1558.9529147166713
1369.449609391793
1357.7318583475108
163.24389815970397
2014.595311245071
1294.6927953224051
2575.9660191494895
5458.996989069642
5141.243725277789
7.586943445225813
466.87029272969306
1355.9818889329888
1040.3948152963194
4748.838603690297
303.2317477719704
124.8442053580101
3232.8214860650073
2749.1397102474725
1547.6431234394238
876.1964473238737
320.8385893714416
2140.8772583440204
1260.0283734903294
5359.119627055531
7546.128337797563
20041.653184867857
19.33403339923201
172.9031568257211
111.6203588419129
1612.3221807406107
430.6544873838858
2743.1942311138323
2177.1209492159383
154.8497504912927
110.81210981147561
4926.732877468021
5899.5893398206545
266.69572078817924
7303.265053150399
12601.419421317794
683.957586017736
1946.5356778874066
12.526371552734616
524.2836834292941
49.11250581491888
838.1489332719872
364.90097635535346
836.7897096116517
3687.0309409679057
23688.826204906443
7781.674520899673
2228.771947455377
6403.509174415545
669.1248909964198
168.9292012783894
934.7038986725731
555.9568863871656
184.39874202857976
525.4310391112238
5306.36464486739
73.48808886474822
20.856350073739094
202.60037909709538
599.8228408117923
122.11702339082197
9316.647525591681
2117.931642981563
1635.3231921085398
288.4452764789325
221.6303991165125
155.29764342139262
151.99442267979092
134.306253234584
2615.723931648195
602.4999562936007
73.75882859822491
9383.898608689733
398.163003313734
7312.382915233695
7537.420641073267
1468.662109064711
240.08034493279152
330.0795306662052
8751.180688159366
4275.475642748472
502.9287900601531
14497.156417739432
97.76522372716423
3092.782430260821
1356.4415165092992
79.07306273140513
10715.678365306414
395.9784408323008
2771.3269671705843
862.0956784563538
92.56257207713725
3445.3591229741896
986.3934857997747
5678.647037348828
7945.423904396165
3.239103261498677
975.7203078677557
1240.6801218206365
5002.762198662525
1685.43724797805
1029.006093294249
230.94185086880435
68.39415216987055
5647.108624819087
70.17425510424945
4693.230332817643
426.8869986259527
249.71684220255196
372.9885732541627
131.41236264403443
2551.918927318253
499.3311611612095
101.44293782193836
14.101689099821346
1575.2064028884515
3025.67174669115
744.8018406250422
1108.9712045514455
849.2789019406977
999.0286606664233
345.4396784913216
1622.3158313885765
281.5459269145393
420.1942075674703
1275.3462714008567
109.74007558216536
9118.004693388826
2357.1144513759414
445.08657029405094
5755.342564273269
91.02303304838743
128.279043049051
1393.435320178227
93.76504330046443
445.80077815420395
142.3623433247867
628.9550421035517
193.86044004265912
1482.1078324034675
1255.869992013603
47.11080186620143
263.56258060247217
1328.129844055992
160.21630573835876
677.0594566637089
28.111980418421556
151.87027881361504
1080.770977932166
2.576944601262454
97.64886962002618
3079.3607852571904
2712.5040868807405
5524.786852171459
146.82911555597977
171.4873159590624
10801.241021298747
164.51798475887182
964.539961079891
329.59102688873145
10147.061079558405
2086.1618500501168
5341.2331047045345
78.29074855167929
5127.065225060612
1679.9903520225091
628.236092302592
2229.943459346151
57.12957654290251
1667.64130090159
1762.1678289380104
963.6760641692166
986.7456280700071
112.27950926319119
883.692041136841
62.47100146572482
361.38100117043547
5187.595160506431
818.9018522643976
1190.4986563316843
8815.360158881058
178.07755720259388
889.1240876293227
326.91613136087705
1589.4780507903051
634.3725340742012
2308.591798873183
3707.6935936546483
231.8481090404556
1694.6503627585319
818.1171177376933
1747.284547758332
5114.508571271593
846.8536810295025
2246.8188970085844
1755.3773933248528
31.67646248875
151.19123168040315
1320.757593338795
1236.5386815892832
1557.4928323894844
10.149057681063667
64.93453051223952
161.5749546282186
242.6694369815019
343.58115127701706
821.9973115042523
58.97512778155756
159.52744336971136
6012.088667142912
698.6841151995104
544.7769692858983
317.13429804687274
904.6195467782514
1680.978100328423
47.89610257451837
211.97734397327972
3798.27348565519
82.88996600822607
1190.4014530040197
1205.888270336164
535.0584087201682
59.67625180119951
1124.3830673474674
93.31627166819788
489.7098799882316
3079.4151764295784
2440.398390668186
7954.755740019737
190.93569426489321
414.0607198882318
4949.658158755432
270.6406446693177
154.10326954948818
280.268496282432
2558.560663536269
821.2207236048652
8111.957093747391
300.1373855130884
12787.219098529378
1967.5560280914106
401.45623767060545
4446.170289584806
6159.566188232512
236.301454509924
85.02522154172354
354.15338987303534
737.0255073118392
136.79790306894145
328.0206474019054
197.06295602918144
122.53886570913197
859.6500217121994
261.4358582964216
1355.5322831096062
1057.6753368459201
446.60657449291375
353.0239918523192
271.0206118638592
438.36587878315345
6287.467109090139
3682.234562672515
367.7741171166038
1467.8067780494075
1462.5055958815913
4219.913669017428
2316.4959721552523
21.412786883456825
270.90515658719784
6262.109012580286
565.4911396219097
206.81639878529222
7516.977285371307
570.2494374741462
6442.103935363341
1652.261191459403
132.7967031325539
452.26302041115883
41.11584480761543
1163.3831480698964
485.6262349142049
188.64907334258385
616.1933831948186
3816.3160112290707
1788.7129993342965
458.85406351129365
29.606599021325675
1266.3595967103092
136.52480987845772
1023.832995281404
2990.3055251466526
329.7434006475197
4860.899753245729
44.318220856953694
4634.435767461942
2209.735647292532
6533.598588987721
480.8404625524343
1483.5450538855932
74.14517974727586
1074.6993350408075
256.17593615214764
46.97509562446855
36.302188232084646
5446.374225783835
180.2430666131505
661.0665453715802
31600.90528937137
4439.498238318807
1011.8688100163364
547.4245390197141
12080.902979665852
1251.8364207593447
775.7060744299271
3300.4137372957266
53.48854652293955
1626.7737452018482
27200.133387907532
12162.678598433342
310.88956933494893
1407.4547032110306
568.7909507800737
56.26240966806195
569.8266623601511
93.07473990048942
2344.41276232642
571.036265056557
614.3852322840537
27.893918496668668
105.6030003018904
250.09480992937984
1241.6079647880717
1711.6499157653898
5.589688298535123
72.77692969489547
583.8532098892957
886.6794242556764
137.1860038910988
896.6795593286836
1.2722791784769427
536.4163222189577
280.5699722436161
563.3488125738384
386.1852153589251
273.8196144092875
1254.6182396095062
256.5534784965462
4187.528296658893
16838.913147584753
381.8542104352063
597.044448991979
857.9077773824162
2269.160740319187
6068.472981184914
3588.549680810915
2352.804394749086
163.2516417495622
865.2681687094544
217.4003765064936
191.93544979978495
8601.314924507818
4690.907359725537
1018.7249837057211
141.12219973267946
581.6609634851866
69.52054433024824
2422.1768699262957
939.3500108029751
505.38971381648423
73.16996766498774
11.413122613312954
628.1823082600946
315.31456027450446
9908.940791718003
3508.437227937489
1037.1409319587465
9197.88423618404
5.155806042567157
2978.9004472475453
863.3756076715682
545.5345031310843
2374.58603231101
310.5949984009593
1724.385954994956
480.4506835350719
442.13259634531266
19.447824252316614
28780.74469204305
116.04557080959754
5491.291008449439
147.8839353775685
91.36057073997338
8113.000822650218
590.1292745718156
934.2159121483506
1411.8163145287688
71.06040309216021
164.1826481567299
469.062043566737
4069.613798720317
140.14247673380663
153.44117126450118
123.866941259132
1116.1802277765642
21.737022255030602
1372.1688639613205
379.63207033918644
1158.9631959314618
5200.137601382904
1239.7364835745607
5841.428743235366
2142.985688493382
6882.975823221516
7607.124363016594
120.61832839563857
54.56806155076377
798.2409570969628
4121.087069090979
287.7038819672384
15.172768800253422
11434.757607560641
3780.6679577986224
254.8591535169731
5186.359920601424
217.97064861825976
564.0095197484541
3346.2243772744096
124.48186362912227
4106.04844703707
388.2532310523934
5698.5086576707645
3186.2433417739535
46.60226340835738
1196.6652772162467
1546.8549292210753
10429.941969904978
1371.8160094524535
2392.33400446448
91.65618646022055
1627.524337278563
2992.990649568594
193.57082620437006
5302.013423075468
53.56811544958706
1680.6837671738517
141.80942087541615
115.20343289248558
529.2466475236846
1968.0771236317728
860.1075475102137
3420.403665201377
505.513929887369
1491.5432725481126
2577.714226090011
140.31651665035173
22.254076488625874
2285.15688464036
486.6342157952008
1132.922665280045
1215.3519625492715
2632.2200178630296
3090.817003609014
566.1102147172193
3805.7394990588687
1483.418579251805
2899.957080489557
334.9552234136466
1790.1721616030986
1008.2422370187971
2797.3317474494606
84.58310683335802
25.553289372148846
2319.309969125749
88.57560404829101
256.90995800152774
1107.2815565913775
65.78669087404788
57.98658889552
2805.9894071187473
1364.1758209022914
404.995704062272
547.0100167096592
1555.0460241391063
186.60668900329912
44.159491077799814
5138.948942731414
1756.9343439858387
222.69780707986354
1146.3773295582014
976.7214202867414
1446.1313945655975
886.4866986465713
7470.420844345882
203.1738593116117
856.4989338105455
5098.410235462136
413.16616549547103
510.7585144298765
15301.059244296199
1844.8205441915165
23.758018352570964
365.15153463676506
80.0981490360897
2817.199049527275
1195.1134552897424
988.1868549926454
219.05686409869895
498.95960344013
15178.498634418493
2236.4359599452823
6454.462145475837
1127.3225156305023
2432.7118052826613
945.7909874063586
310.97242590671925
5945.013074015404
948.6213528798415
407.2527964169903
78.34292768488238
38.21386881966981
3292.740640090508
1865.5813933104116
1822.8480812555904
556.0288500478738
2441.727844678765
1003.3857223091358
3335.7320411973033
3216.2733350107887
13331.025563069075
264.4844414561476
2962.4288338008455
74.99224232817569
11242.48073778128
610.1501942966214
2173.473771553458
366.28794803564847
2987.19156080276
25.314121623265518
5700.632186711053
2413.207054454858
467.9249649023553
92.81650514921802
50.97195705329183
1102.3197141683095
2693.2708514685764
1356.0812400622124
245.59919032342003
173.449899440159
1656.8228608196955
1365.3378157382544
1721.8068228763816
675.7339884281511
336.8816011792175
667.0660654034988
1439.0961674351943
570.0369187950027
4515.92125905359
2108.7403497881405
6032.371597240827
1710.050641106542
49.449337551155104
891.6441728392343
107.34689901364946
74.27471059578971
1312.2196783291186
100.94459990342975
683.8686618788614
107.95680102382299
2110.7928988465364
331.0668850932119
2808.953386485613
596.562901800357
1119.579561989803
2031.644493700091
1701.9190062674716
407.6511773020708
206.75387235145058
1053.5310423316346
3475.9346734842266
110.40718222332657
9.057367516540626
3129.1272331456344
135.25926783614085
158.1407116037492
185.4118508691882
1629.9244570127657
2116.5919942167766
104.49691771240444
1699.7476147259993
431.52569874872484
323.90554941326144
955.2317545205469
3543.9203204664313
582.3745538751201
290.0912534368416
2473.5915232158677
3.5120481036932105
43.03456636528536
1255.1124983182006
2050.9216185565115
8606.787203740818
157.3228673186877
88.69175562201681
6097.235987809446
183.4753004169354
287.96443037966134
470.5843254926734
81.83824614935719
284.37848437523616
7490.354598697035
181.7673690170496
811.7619216785554
22.437515451045886
8394.938517049455
208.53996464176294
3323.0692575110133
45.60402741865532
115.4752428286554
703.33690984552
2739.3559224590413
180.69762897992004
2499.774128138277
426.5152441504938
88.27562378909137
2088.2815521766297
52.40074088976865
547.6156655970566
3375.797600465957
447.12774724119384
69.2275899674355
304.7980009362017
1931.3698213628604
565.2605740371963
5572.992941125775
134.49648764868317
2076.747378607224
164.11838230744326
16.670084358738624
967.4383979515144
3771.1125799399615
2516.553150122858
487.4715718840905
470.7655140376854
1122.8928174807918
895.8111206322172
9648.65479031304
4245.450815694651
9000.041581010699
661.5927638654706
549.9842732402672
1422.6841525572297
100.88578214089151
1528.3329675078173
934.4301294236245
5203.241086550492
595.9399331369242
1007.0151228937285
129.86782297539355
400.9023294567426
209.6249911676451
153.0852324428844
4071.988535422488
1958.997811122809
1785.483212481609
670.0237669718057
93.32652179784296
6636.341255063871
1282.645629667567
392.5402429789893
850.7106464176295
238.75080616241328
1248.3896400803162
4061.602386112928
3554.2756902507076
3535.731954506571
296.05943494178666
259.09602799867315
17697.40407091686
150.24484144511297
612.1487095669175
283.3249698867335
161.47299042883478
552.4820473797542
2544.387566609485
3141.268326235136
270.6661686093903
761.3681912012837
3049.585803668209
1155.767266146368
16849.083866740253
1554.4564238144765
102.47029953943665
190.3784009475551
431.2108817672522
2172.012750471564
250.39447194175057
632.0591149797993
430.26428914830774
140.87925271469848
3001.4329854295643
1486.4569130101368
160.35871015307458
640.0758943133411
137.69649125509042
1708.1288826052198
181.6214502624258
584.841429304539
6787.590961256517
934.2903911441547
188.42430589940395
1880.563034379823
1552.5255521113722
2734.822245696
6086.721715697729
1373.5420933797539
124.70093140941607
883.2139727918631
4435.235522268488
1231.3429553450162
781.7593669636192
525.565899570124
272.3831066133275
1408.38108534741
16.566671829909563
8017.455481474944
121.78235727041687
1666.4720539720013
1572.3691444003873
194.59864957079853
454.0180768111579
582.9351279572514
18.4722351605493
2908.526579756365
2479.3371260844024
1190.499378701626
2145.03578317593
14247.918540652938
972.1347964450788
2058.419113058241
992.8480778567783
617.7983626529326
1848.8386457761076
1306.5286411248155
389.86223206708416
16039.031606576991
1065.6430070006718
84.73044705626931
1756.6869824367059
419.9796760379626
190.2594191537821
16.6513052648809
23.176825120974076
1303.1203177562677
7238.38014723599
154.79257025867722
957.9659005184204
1188.9089200555425
17386.408258609878
3828.4810204246123
878.1157699469078
324.673202278869
2795.299477036428
235.27729554140285
3645.5344256842714
42.77841123127013
2152.6214965591707
66.48200835914776
1797.5008309680018
3666.870922112653
3021.3076131346606
2052.1438199043396
376.6119418263991
181.37113691484296
128.796471065995
4675.587389007485
54.93685861915898
3742.781995866662
899.0102865039651
2345.6457744729155
1469.637284180958
183.81925012528333
166.29152011915505
1118.9210520171077
372.9425200032277
790.2319707082884
1586.1541854337636
172.18662511818695
728.8738375960113
65.77521701618406
209.80872109549463
620.8364935909705
50.16104524087073
126.85891979162811
913.3072709478051
1611.750110731247
239.26529997715386
171.0697369714409
443.5824073526384
4.540173490097388
4236.4171682969345
493.2796785649285
743.5099834382842
2282.0962459200955
11602.449420091565
1484.0495741218817
210.98160179234827
2188.7759139744167
736.6762938471272
5108.33990897106
2387.911983062374
266.980502570946
7169.398343662204
10304.61606770684
1147.8018122411781
5.989139046236325
309.98530269222834
69.70052329809961
966.4387968244648
1804.9305285139594
1100.048496213335
479.80927459868593
2039.6028931755407
3788.3221833631796
7314.622654182602
5689.983848714686
622.9164744331439
474.04895562110914
862.4342775849225
586.8855858044752
5347.259702202745
133.05152675612274
539.7082062382763
1027.9200559996204
67.09383281164882
6975.622296496664
115.9655901420753
163.7630789642297
2002.477057512375
1420.7227024048198
5011.371882033444
3332.6056004658435
31.914952653455675
317.0226235502116
2360.7497938639367
347.88836174525215
104.81645672046902
56.52871346468746
16618.794709518126
2581.7192809382996
200.57932620503038
1528.773505747183
3906.887913971324
11311.738005435689
15577.282508199876
1977.7386828709998
221.122013074182
9244.978121204327
507.85046410128933
2174.722270509044
991.1970344828047
3135.6042790753436
5133.958631474411
489.14887699939015
3538.403849301619
4615.428518585518
26.40675651852664
58.08219102496626
983.8128686009306
1873.847821930863
7348.683123686539
471.73212019770983
420.1684301360809
4888.083509169727
1017.9486875775412
86.63983555619038
718.1128892939537
1027.9798434912445
852.9269519290117
775.0306894701242
4.4793286201993965
1773.520116669558
65.62170994851569
465.1329356277434
8579.228996800846
231.64077121815563
5680.13949490086
3623.847538315228
3544.160223959991
212.98983593032173
471.8970289906532
1742.1363293650404
122.59546172687097
1204.9030807510408
21573.494843386565
4035.479371859396
91.9442903511869
769.130780522731
453.44306365971977
128.2284420543567
3588.436469930878
5516.589591395737
437.59280262610775
17778.910989436426
549.3118667373009
220.33527376713602
2087.2671960918688
775.9056235944528
179.6551871938723
1172.0522414492839
4582.685191440206
1185.8208988872354
292.6243448763799
156.80044472554667
1154.1810268273612
108.90046951773647
4994.300418052411
1064.4064230798888
432.4100014083898
661.1175507699185
7919.182498145161
4346.7248133381545
243.44961019018285
2424.9099296152267
533.0545584906532
2152.4064568090416
3215.964407931915
603.2069445935928
452.7393333716323
2462.9099684351672
5204.324588751519
874.8094731824918
408.4119302346312
344.66250149981505
3096.91495148694
7325.333601974559
1568.9066286069697
581.4715165545658
567.6137245816393
145.6217282757355
761.1948858500695
200.2090425301084
1719.5318364403245
511.7399470301098
1657.5176472604203
824.753387018029
673.9983896497104
29.807986118102203
4171.051445737339
970.1107883181126
706.3819930155702
827.3061787215541
222.42518214004025
2272.0555765152194
596.5198925642734
494.9992799450409
5808.211322492241
411.2784772599132
671.5410764813967
502.1661791156706
144.6417807839939
67.47339972672518
2839.247568018366
2596.7246136487156
671.728353016654
1168.8081830530605
96.89516266128129
420.11460587320084
454.0886557607315
220.20490460304964
603.5739535281581
925.0423511663275
722.9916290907079
7845.988801360826
44.81110642432506
10784.53848430686
1210.3640613995049
977.6936647261314
5101.796411001292
1117.142749460287
681.3501711988912
1150.8727510511574
4414.685254862272
67.76168591667853
1079.278294163788
367.3997838050669
1076.8057844000812
2137.9550045304118
744.1613951520876
1163.7998438033037
130.47797396897874
3737.3563710231483
2557.6122520240665
348.5801421733381
639.6704099690509
2074.206871380191
14260.170666123306
1131.6297705685429
466.10993722583373
2216.3299822080317
465.0271518539251
199.19456886037244
331.9964158154831
2014.0332470717558
638.1386696196146
295.5836155556835
4626.977619531969
48.47360037263382
1288.710349901434
373.9206273602025
300.18919013743425
8957.380119873382
3741.6056882622397
18.47495836645452
1537.9360247270602
829.1795940850722
1927.301895526068
379.20726211172484
1371.4140045030354
156.6981879132512
5.480150865067035
3497.2418413048213
625.8483600809051
624.5603736914629
418.05467261107896
663.2000018932049
3641.3014003413346
2825.5002607464385
3272.2181378405767
1187.0691505404097
682.4899144625363
37.82637302369718
1091.21284533088
1306.9323980848035
1849.3185687448622
127.39678390666364
233.06187230180964
184.35206586239207
1352.038338790773
413.3015086510205
1761.0792985220392
766.5908707700341
1887.0843120224579
264.3108601728117
2492.7604451118855
244.07055296503665
4158.3783973522695
441.68294988031766
1726.0704884330514
85.4555952888969
615.643599712834
1244.1011196110408
1397.2219392178297
2684.0736290014042
2602.839953438074
2831.253514412091
1189.7333802557418
200.3018543456192
247.38689076575503
2702.410680833711
2790.897743773979
209.91199243806102
513.9141257839652
2670.6146368803084
3545.855946377474
479.6855152441992
2548.2771097548152
5375.502674912013
9097.527769754986
119.78233543575855
2479.526491724782
5229.663214143266
3135.737245908943
501.2692003570685
107.15517297865685
391.750200120089
13800.931470139676
167.60841822107687
1398.8766696798161
165.06225417134425
2418.114998805887
692.0264389671082
649.207108627825
591.2247200578369
4601.535981011839
1462.4341487582626
2725.701868494279
130.78742383710872
1288.4592487168445
2047.8775933112092
595.6586301796518
961.363974692453
188.31218194473865
2163.450477901707
12552.28324734048
1200.3108325883804
1542.1456786758436
75.78844845270716
3128.383940504964
202.3389822312094
875.6775466781552
388.1979245775602
666.1230936343965
10090.973404901548
18.923109543655947
234.592278994572
678.6218630066676
161.09481533779223
440.07825723788585
1344.6303243244583
284.46035662224034
351.796691650752
1500.8084989859615
539.0506902941295
1965.7802427831327
2341.5097570699704
3082.3120703217687
1480.1804280370256
186.57724048783965
881.2159366745065
3890.438225609838
2010.21120023126
117.88353831743149
905.9818828212495
7904.854664024564
8.121755811441034
27.53560502135599
224.24565050875867
7856.325085710325
639.9674102517738
584.7173458247923
902.9645525824526
2816.223755945424
410.76095514749335
1146.9581087566794
95.48236480505511
567.0997523904431
611.4670009862322
6308.443707391476
748.9061799246355
1267.8644727784795
53.89820972981907
394.953683068211
39.41511173489731
3326.5479563518775
1481.520242369183
2185.544065374745
3869.596438983247
6422.414934877174
1368.6654479818649
103.09061587372437
1276.1351037191891
4029.4322111087304
4512.260381909384
495.7292436101546
285.2834932805526
81.24739920819523
3874.6107749249913
365.3962213044704
208.26405755559608
511.07081015916435
2009.8724146938919
87.29149140020986
264.41750840452414
1440.9514203276408
1294.3682451371674
575.0545320571732
193.8443846216331
439.6754551064919
2223.3035615904505
1724.9005376653304
1087.1924182297544
372.7476470446578
2697.0881847636406
371.12969093829884
61.535740267770755
384.8621355793669
88.91326164442992
106.57546415482332
514.4228562339204
501.5061096489637
363.7051733158092
286.5334510179562
2682.6514699891836
157.3000997300844
3226.744304747808
1484.8453589159537
333.41081282104443
238.9409661369024
106.2192102505577
5485.111270540921
439.0699986763225
20.45860508824715
222.52707294579955
3534.84835669452
661.1399239544236
804.4511664593634
8619.619363961972
1665.326567444414
78.04199631591402
1181.607202634405
258.9467107735999
6062.274649695043
656.1658208098842
466.92250061535213
132.1923812898529
69.26590253145682
176.05524967384545
1356.4281872132433
287.10545742978155
4009.911016495982
1041.5257804337164
1603.2198007866261
917.5596516509565
4387.839200028409
503.7434444134181
56.93695978513658
65.87678772724814
84.82819338697655
723.0441905441864
0.7312322752306422
4674.318969879154
2819.6967714344546
1876.654373374964
128.0995000462304
2144.937645045242
2953.0104328502225
276.8683280868878
914.0712620887115
1494.56032457157
174.51600340413486
198.89905403618346
914.5552249492761
1181.1592371977931
12846.17850813442
829.149901149473
3672.802881725923
3421.653517116896
380.73350967195995
31.472920869013432
258.77194846078976
8094.94983431498
809.0696109453788
4115.779600522474
1347.9787116614018
1409.5462285988347
6578.258451707941
5.738724078585555
8284.112450977544
347.2478864934847
557.2802844825864
264.84816306252543
7203.773522928324
137.27530062512815
11522.157809244914
140.7812759752991
346.09882806754257
306.9879329674841
4924.096888939244
534.7905909987793
348.15508777819025
210.553060274421
4447.86874840103
3289.184803495526
314.3600894670251
63.47667476168661
549.5083507352061
178.5574788769062
251.29182571231868
3033.537707182088
293.82842879650536
4759.555223728018
115.73932581466772
146.87056462451275
305.016830881899
3097.8282488052346
46.56961276773286
8135.056223053027
428.8558436487011
703.9469560768174
7269.644629892802
430.85207994887355
53.246292283959384
327.7036690231938
168.1562171187978
4150.969866396215
64.01626563561358
544.4722088035703
1550.3018818312064
1383.7543045500777
4630.18320311842
437.9759302918229
3271.8081122270482
187.14596867386302
183.34835612057176
2195.5581418299676
2797.0810161617733
757.32151075385
1154.865913470382
1644.415725075532
2261.93558854062
37.27938854610757
92.60356523079771
1030.8032327005278
323.568955980047
227.67601917172976
541.1771538317067
1798.4609367156845
3614.3097307701933
2744.263490371701
95.09690630670198
84.47907495475748
1216.5996900605824
798.641678682488
1944.8603232913752
1639.1824910738871
2574.05096749207
422.726794917716
835.5510323459825
1284.3134682938407
237.10415899184102
1131.4527849173085
1280.9215436090815
61.284614762990856
1216.8606058946207
573.628876846044
174.77713486435675
3769.8438714165895
1022.0929681612479
16012.816071597534
684.680064654597
4848.514743596165
491.11496164883084
7463.996032682285
3192.324541202507
260.8773420475163
882.4488838602762
344.83886321763356
556.729186454763
3576.5139287026627
2913.839314084621
5337.805141299057
900.9521803855724
224.29977508782173
6244.319438168078
925.9962749724293
6338.308487820598
1968.6076206186121
708.8140826936984
1083.8224328431734
94.67490958863235
168.90416577221012
470.63582936949234
997.3770353147949
2892.9546965106188
2772.3148188973037
1701.838187823168
3.7346671729499015
364.5801709668439
48.893227914925674
41.36067665804211
915.416482087028
5484.265910984687
2042.3546758880361
12765.08024868992
87.33562775613547
4268.690874026825
496.85854729021315
1047.9431776139081
3379.8070768277676
3124.9120218070025
218.1071382338473
7045.103635082384
77.33331726156311
1640.4513621724348
499.04538040186355
106.7099908043545
764.6457944143092
457.83865564191785
1818.6612475866614
4663.991361351527
6392.089397657086
1078.0687446016125
8432.313656264345
6996.957335491228
218.36551153074925
3572.752602822915
3560.356219481642
6268.671839303542
1147.539283023613
45.702454035145834
1990.850692089041
44.248307414751494
456.70682993911305
2326.1036843192583
1942.520493073241
6270.649303981635
73.57749696251803
1996.9446537118406
792.7866102457881
2007.8659926885512
1451.4905693208902
1588.5477161633576
36.82430258838964
707.8173126181864
2070.965225357757
2043.731130373594
231.9614183338925
755.3662535562888
261.73407802562167
785.1933534648858
2488.066639978215
1492.95853859015
1757.365770492214
1825.5700708013078
690.6832180003653
697.1179339784638
415.1176524747835
516.029287345976
90.21377493221294
155.50457385239415
3125.0973222230473
207.32801520748635
74.61251421164717
8739.155206435667
327.26778108496114
225.21713285353906
185.02938520039703
8324.886206212279
46.27633511880003
3648.342944674421
802.7988285259524
805.7880204792922
1801.6423067234055
319.9431170807343
436.83222128704233
2.827689091289276
807.8846178660282
1234.7133381598542
26.420241749514073
8922.406761052182
1799.2850212088852
4.953950456276779
3423.5806316507355
423.63211133644717
1112.8271658490396
3025.0327842146653
945.7346496463348
1140.9416157916908
77.11977749167431
138.8351968949042
1617.428699116552
1544.6189194137648
2069.9636610785888
78.20880584403778
6088.495657008908
3461.6556879873306
3132.907224230441
500.04566643733205
385.23059840332996
285.49539928810486
177.87434705559545
754.8393497483486
305.769417248003
361.43571583853173
1570.7111814692864
734.2470203236528
184.3777972624805
1044.0802406773364
13293.952420036525
7833.927360434256
211.03285355432712
349.27644220233975
4393.94372969577
514.197137673067
8103.163167881212
961.9842759421405
89.26299430263018
17.710516824021028
279.67975609987093
370.14147244556204
85.49947848902617
349.91993579324145
505.9938205474568
3315.3790452414623
9767.137373649348
1549.487481074441
5917.366792466083
17906.739521902695
1412.497195812823
755.1683872378368
217.013583526382
1876.7016577174056
887.9936601108863
3394.5187396832275
920.3665210442135
69.04687965628709
1183.400359971265
2368.6264835554803
7563.217957747426
137.45964301908887
476.37009422178966
244.6653104035246
101.29377745643487
58.805598566291636
563.3499678168286
859.5473749685833
783.9824140622343
3515.9337149471394
3664.176563130961
467.1392082772896
5908.5122390264305
307.66897600112975
523.5208795805746
4378.421628406737
2730.6282967375582
537.0150556916253
1045.1263883124561
228.30652350788182
4518.915163814585
1726.008958944225
511.03296397743134
123.48871151437457
102.43309842140613
104.4255579943254
4039.2619896830515
85.57384146349322
1867.0610910915264
115.16019631558905
36.967860366099444
637.1273431044599
257.98793332608705
1043.6924249369927
9.956149969925221
35.55559289898369
544.156111457339
2742.1324899785213
2427.926553951998
2389.3679452698934
4294.948856135672
495.9396799752214
693.4056571639369
1052.8342485808917
1363.0086105526073
6377.61806476953
1803.5397650039142
1900.209431900024
218.09736706327465
773.3899257467369
5401.195483024324
23.88219742237574
579.3058987306975
1177.1824759500894
340.4096450371874
691.9142920772337
325.94499827064413
827.0098218294276
181.7032591850287
5178.442055326204
1129.4651304924018
1374.131969495329
1932.4038667185905
190.5751122906918
5012.3761637192565
126.42780167290147
32.76948881718589
904.2618015035142
3257.708330475606
2268.4390712394143
4364.981197305406
587.5337599816954
4636.150327123223
11190.313640058492
126.48940145104648
1390.7422892429522
784.2079929634926
164.76386342100247
2449.7063992090616
1185.4263439299184
2870.0330583127375
6810.38330006154
316.93578660271226
271.7551478126801
747.9873347785438
183.67512893673333
3442.3171483147885
964.8771439436654
441.89958488096704
947.9473089024636
512.3140423287764
2804.492558214022
384.6475065067967
3.3875879609568393
176.09522474760774
689.2299611356178
350.4027268828813
303.26973373117073
1053.3085463326097
401.7832674948929
1.8578511478462012
2716.1066550710043
670.5629616292508
229.15576267118487
1293.2293862252254
1029.9754298545904
1476.7631031838757
229.8458960750649
67.03127094687122
2345.4070635348103
17.692803195068496
3823.5791303076526
268.095295286086
5434.678726588738
804.2498288050925
605.7703825245176
361.4075004940043
2308.7077483536887
884.0139301515615
1373.9735870507586
6875.237922503075
1021.3970611647527
420.74917693549764
588.007939203905
92.695405124954
463.6906766259052
3928.0839831461576
258.82481160880434
2368.488006792957
3408.3054620326125
367.6062798881552
6922.829016062682
2031.5840559300025
307.52814523193894
3464.277686277961
1515.2790981265207
9462.858437245226
234.77611056575975
89.36272493955677
494.7933540202065
1086.3212129624155
4642.265999911255
105.7075163075516
825.8213254910829
7223.359210672697
320.8161759368222
2078.495077834208
68.66172610731081
366.95790626148914
450.4446832106379
118.78293085735292
37.43064881014391
64.25951403362662
734.4910400748361
176.40871322291974
2644.763441924325
124.7363781924693
2874.0219111918154
1359.899483527438
4391.382376278352
151.45903690718666
1487.747469700207
307.778117756663
681.9420871904902
231.97235030465447
9.55879797294168
58.49600307114011
2853.261027453702
1020.998169948717
145.98228819853176
256.16524980508484
4189.209169292052
1293.616847323187
46.852158581156544
3759.3161402149412
1286.8377903459627
3564.2102785030547
200.01144133643402
3793.095118521872
560.5501437200954
9160.914177518242
618.6100897770718
2253.771556513906
88.1729546685972
1468.1448584167533
59.230913850405464
1414.3580013821434
3268.3683308239342
41.378384302448445
1729.3616618791807
122.72530867932785
856.1651244677893
100.87908186657835
210.36570318387905
15673.815518476298
647.3555051232371
2568.5901484285178
414.2306938653806
565.4965678963508
1517.3419125053988
4328.77476542104
1986.6625173299847
746.466008383262
106.94498378860385
26305.972090943877
2059.332399588598
352.83098032063975
1955.1837430855423
1295.0982654332254
109.44589974453135
3222.0800958674076
18.93760059852312
7141.905738692778
2194.0413596298836
151.31694718953926
2705.4109530312508
489.1090750244964
75.75850531179596
317.0495597758727
944.1552783745477
228.1206551284387
8427.234597775647
1389.7425485392966
3299.5105909357835
5257.59562222593
1232.426625085692
141.96821565916062
1335.5332392111175
804.7988700072284
280.0800614597643
2448.003068075133
458.3009388084425
1593.87203109409
102.13640960167191
217.42903395339798
2074.5001343386193
774.4248838095435
450.6568484007878
594.9394594571555
1059.335629491276
569.5830250488032
2757.5191063067273
6356.867255234544
452.7945630734997
2035.8227578018527
13801.78958882432
11787.684380268292
3357.1964775375386
1093.903386297257
932.1777324602155
331.81158222829185
3178.4469388940415
5021.091239801212
317.3645702845729
235.36199664191403
587.5682531093163
1605.6024595988983
100.15372324793104
379.58214320527037
75.1377357392613
207.95685127589226
1.858559549883232
571.5707885511567
114.60931757437676
458.0717743380647
14.153702943819901
610.67893948904
3175.1409719247613
5766.728019878453
1081.9641632163314
6741.95642261215
44.2483697536411
235.43617731787148
194.78046641763225
2779.9617590249513
4494.43725559111
812.9063036660167
302.6849170713941
20523.60285754582
161.1311148867145
958.6930648977753
1033.889421078138
198.77028320752777
94.24783930903624
249.22697666993622
126.11247071233622
167.03160441576824
13626.707955400274
1334.5769076101744
463.63631680050867
466.75426278369736
328.53221420279243
260.16216577113835
124.16657907695638
431.6036836041315
244.8440129557583
519.9676971273992
651.8478020489216
163.79470282161802
199.4724496132916
1.887263760735891
4618.472216890535
922.3326457219239
374.2147793579953
1507.1151878923272
2053.5894428220568
258.9175126919474
1812.4740196961532
2198.207794478935
163.48711554237116
3766.159458355156
2355.8365184867203
1174.9422444522706
748.2015234061889
2699.1697411658633
32.77008195696762
1364.9546841045358
705.7956311090408
622.5534289897139
2131.4087542691927
2159.14862681027
31.75690438672607
2017.6332197056722
359.4937532101383
696.8415496117486
676.3555879341299
4537.703480414567
1271.2162012372573
3055.845630714915
119.27565702715137
271.50368191531936
168.92076509134046
658.3145770462928
262.93486423447644
417.30733042376625
2492.2669876684567
311.12290456274394
417.96119932736576
2187.935718193157
477.61635736428553
1775.8155608268544
17.26059031923466
47.71467297648435
926.43062767519
30.344708266638598
391.03517954198753
3839.8052942235195
3509.8999131894184
748.7960621926137
551.5693272596933
12405.287844723789
2650.9772759854113
244.1572074578624
522.8431894553131
3891.6580460392925
1245.4893911682418
3.951153168801902
562.7354536196782
601.015801446203
857.1918969768055
79.6416224076224
13853.384909969858
3016.173100054209
193.61438983909184
2779.158323651565
2472.309172624054
823.5863987921199
2364.8266871837077
94.31533218597909
377.10176989038666
410.9962800811884
1140.5354974369452
577.3478871883841
1976.4020672393801
208.04366494482363
3572.66092520252
14.197978619101548
3417.5743151449888
8870.676940189593
122.22583575831614
349.1937539284229
2831.9626203527127
101.36739084536384
98.37371274253881
7861.307216122072
4572.766157873486
3069.5628557981026
532.8153924017976
152.65430786849387
136.3412683546783
965.0640249382336
617.3415161348505
8869.32313797959
169.35925822880728
326.42548757849664
389.1884144058166
2677.1204131600944
296.67323128808044
264.1566187412625
16751.741016138454
27.57842480425321
2191.8414758894887
15.13994160859955
255.07330820219164
1017.4412224818963
976.5686702094545
1672.172475086542
1037.8544919527499
396.29167825282474
911.2435000174779
3175.1143771127977
516.0784645216743
161.04772505124433
429.1813324247551
4740.976945088981
406.64362911764226
2159.627076282067
611.2005826240608
15313.794990094055
2365.3313367861474
1784.6734465842396
1330.9128645912494
448.61107102536215
4308.036014085337
29.584293604323353
166.83102404759785
105.89322766874076
726.659431518295
2238.5239384498436
95.29919257411646
294.58680296501336
3294.0231749093327
126.92561669891411
1399.326857470895
32.608895111641004
1276.9138371076626
79.81792870946913
1962.9119624959944
2021.7604317809057
1243.1979538438443
8.716528490737563
1641.7781599617708
2506.64531172583
472.761074618655
42.88353926402699
948.4540687509368
5351.440856806578
1830.471901923747
433.35068129060073
804.1440222430696
405.1345483977231
516.7481026648102
3332.2037404596826
568.2727570918366
714.4754158130206
4761.723775162974
2.6571183815105037
241.9222388348019
641.3162982580767
541.7099455396257
1116.5855475247288
1787.8788483951525
8426.432919678708
1207.2047517619478
2059.9722653456442
448.92755616002813
525.2182684992945
370.4715326028785
1398.988224501807
5535.2068924978785
1971.9562697713354
126.92782781209556
5132.648894002567
10509.345846974016
911.4620194409117
110.96606988726387
2300.451705941309
1084.4896390874715
2641.8331666114514
4423.637150278892
3508.055342925209
1717.1902183683696
218.93830345475206
6750.261831907856
814.1779356674816
9481.983152310313
3556.9012532315146
76.25541090631182
1407.6702756934844
51.683936842827904
39.70352529718557
2496.0017895690467
3350.4516145762886
