10658.910307912673
3.8817173553473694
226.11156387808418
4411.1649768002635
4493.101013485246
6.746303103999374
1982.036748594318
31600.081195544615
103.56248868185203
233.3747795184693
259.10402334157203
203.79345480128208
652.5075770921318
142.17355161872948
3407.267974977635
102.95461817231288
5738.126312476766
81.38653131122275
2696.1491078296262
1615.9675689225828
587.4391078482311
185.23363829189287
811.211278063817
286.52583424689794
9413.475803222815
18800.158412652545
28304.14259416828
3636.4846667658935
4546.005911875506
381.26016386315075
15.874785645308975
97.17299053965122
14568.647177234407
128.68551192004585
854.4641899789873
310.0463864790015
381.24855727820204
142.45381211862585
891.2010664577474
160.8337297743456
258.9596551989759
11037.644541709724
2107.5712797389733
66.48900013493942
900.39958636704
5360.1286934677255
3613.041886170909
519.3547024384793
1104.9143258661243
811.3547498034168
30208.898535767523
3335.9332875054106
1071.3925385212985
197.82059491516569
84.11521868403327
290.4685834991927
4071.8897255139213
2341.695165525326
333.5113704508452
413.09227691117553
3432.8200043778565
135.17666544009543
2817.8394443078014
1130.4369781471978
3399.5576219764343
161.2441110462548
686.2134339920444
2115.943339173898
729.4620410595587
36776.41804035571
29.0514559129873
507.67709909497194
368.7559698305476
5395.403378461239
188.45024494891226
3295.4746220699935
32.32922667114613
9783.548903647132
177.7441223270171
675.866485222576
587.4595165508034
346.4038181423712
276.31414476960714
2209.5033513731655
61.50070786304917
3449.6786297084304
2191.912297118448
1096.2152301676188
755.5855353924335
43.986412753194145
131.43961970488726
151.85337659032737
6179.611884684799
417.4011419934454
1887.7464069433358
221.56894228966274
1136.16114608196
439.8230699273253
1254.34572710863
10363.341235474034
2435.9275734765374
3036.2597901376075
1146.1884050469218
86.6433067000072
154.06145201640743
168.8036870255205
446.14369145324906
628.6748090162275
17774.503320939173
55.351865123154376
658.4783279852236
152.05035087315633
164.84558275127182
9432.302982145146
9818.223912817746
351.4400647202875
1164.6313039760826
238.18234808417048
291.8777413671636
357.7816377428822
577.9517321133131
156.47115499390907
164.22592702725058
5616.32323623682
64.24698226427105
3132.347745411346
1659.444608275429
147.41729490401755
558.5173630363594
2009.70734349305
193.96077634308284
5055.593493805278
557.2944632432741
15.54760287364454
402.4130276929272
558.2840064196071
152.9867813766961
13635.69982921805
5054.350480957536
1810.650159060745
25064.109108575405
4774.663733471507
180.02124404552512
374.36516445795706
2827.4279321386707
5417.68330439778
110.302783492644
7.078308294705682
235.11602090773297
92.07701872231411
161.73108901560428
971.7150049464607
2608.7303667084448
147.89986592558256
117.35469107442276
93.72837319875372
374.18747148543207
393.02778871337375
322.51799196378886
231.08860561630306
283.77227939585526
1164.2403366322162
200.91596433960967
129.3540024161044
305.87331608008526
3271.9367862479307
2397.5159490390974
1411.7484946903126
590.5258668779778
393.90339645931635
1448.1233668150462
1146.520860216993
12593.051921523902
4594.407695181934
56.60136149673312
1097.7056603881485
187.69379300115352
186.31548858335512
1370.8250363778984
5823.637771652434
756.0850684626974
1638.8954176887905
3478.969366394413
413.4302282534863
3.895553778698879
154.17858068492717
462.65996725783907
257.08623574762777
194.28642252956595
1525.9189012974962
680.2049262411347
135.77730277950505
1045.2744062218967
3149.0202152097745
254.57929188978935
163.29760670098503
2587.4890439078204
586.8975191696824
2027.952066821348
1032.1223757276398
1356.588298012995
1796.76160957023
314.02770730043494
1313.9510331707238
8773.269879351652
491.76727700722677
1168.8032855056151
10434.840951265602
36159.7148642309
339.5444434207695
328.6055634364682
2790.7890156223857
805.9151524678954
2204.487829970281
1800.5333084916365
3254.199869882335
98.27327757113702
201.7448297791047
133.625609569199
696.2932011504108
152.56684306355072
4.978285164980445
930.4981866249062
753.8018071325258
333.5542907190403
196.2253099821898
109.76944783628318
3953.6252630001377
754.8663959586088
2110.405109919433
13633.692667430341
2848.265932060512
530.3246408471351
967.6005531934595
367.6838203240829
699.0237648587416
3074.0963317418937
789.5665433377386
494.79589683519845
8013.188816741678
0.8926581938295541
1098.712799606394
23154.40148894432
242.0425560151651
414.7661351959986
3795.0107641178565
761.8988774692026
1036.7451594436639
149.2959080634404
10802.437521081154
1841.2894868884755
735.0050769486028
1969.4668262872806
5647.823368635041
1255.5909338519355
8649.089185516545
338.11877301325177
116.4882880134277
38.43655525679335
6925.546725199572
151.52339370766433
104.94712217000712
1017.7830111265051
49.091187933913986
1.7718394493937417
19529.24294613477
31.982631512128545
303.9196316811599
46.57129899812151
33.890863048036124
13786.406841133225
368.89179355470424
1885.312408723383
7929.898839337812
23.113303603128355
21250.271334196557
3137.1569248957785
308.4217959038904
227.14575052074082
662.6511972467553
1713.7638336178318
1076.596890631909
630.5986702846101
4720.647460361116
161.6682452734719
1203.4256175063263
504.64019905294145
3637.494158921972
345.1526365166768
156.26222132193445
34.73684429675661
1394.0342371052018
94.08995207693671
10740.859808435942
45.30767314900874
4498.504628691402
244.58707544469104
143.93711457059143
218.73806034599096
361.60076916573746
5811.88951297128
2367.1735767795685
2264.3042795361666
3031.2583822663664
131.13287809739526
4587.0513120144005
57.474433366855315
450.66215118001463
678.3104125040462
3658.9526635505745
1727.5701524731678
641.0071713451648
4611.748932601135
162.21146279473686
1163.7854955879545
5201.631865840816
2485.5005606401746
353.28063987539736
1577.5139502174018
1521.5726594726252
14233.156414851677
29.229694785393168
1556.864471413566
2244.0331463155603
2377.7760577788576
318.63142998429515
6774.244215116765
27.997422080294765
4017.8245077378438
437.06144095251307
74.64308758765581
9376.602427350444
299.7144879848146
38.83716402691695
1201.2235288023421
870.4832735025758
889.199467479107
161.9004325772222
8004.16359639291
1148.3685314325198
9430.784865393649
828.3418141712295
1892.8109411709527
197.36723378759314
1988.1812653373966
120.21055615190068
327.71135981535247
2472.613429533188
1542.8614630105697
4829.922334553305
451.99891565645964
4079.986862615515
3948.405457073434
874.2997068444391
1210.2580335560997
1644.7221008173974
867.4152775781873
519.7731078817159
2512.8504815641663
2269.6065721161785
41.30600278737795
16459.83113355595
11525.555480527772
1099.740887301115
906.8255154129456
690.9723747799412
1310.0232294004254
2669.8007658337965
13757.43083055394
2844.096443851074
104.0507962681736
629.2967109524983
424.3503315464636
4353.688670370359
1491.0830420654108
17.955443012007688
9.407874503619684
102.3357283456039
4083.2309861779104
46.0400372299774
7748.656269756592
5463.914955785421
13852.792184715723
136.53900180092825
1815.1227491566058
4482.0931602538085
115.8351469993657
99.37243714512877
507.10676154898107
0.41339552793173695
1219.4617552498178
1869.4355839611987
404.15458011312523
10366.820298189705
516.0592900816386
279.154085815414
60.44929649926534
759.0956655964653
386.33666838415735
26544.106654914667
270.70884826837505
55.34027064920677
7314.764793865147
207.82509429146944
3090.3353434827864
676.1289892098565
548.6173775442027
656.2266674369877
1626.611569436487
7367.590424141013
421.55095476907877
19.38557727692025
399.7484227133974
135.13544926875286
1856.3254688425234
4890.33155251054
555.2666027457298
142.6362886863597
2032.6963610457049
580.6915463730245
22879.351913360068
1027.4705026354857
143.7888200304216
2673.8261718420863
8889.367751145717
1965.4553603559166
1111.0325078920846
68.69384351991803
88.55156778722062
1735.1335281807212
348.23593853465786
536.2142343923404
2188.153789068925
343.7813213738816
257.81890959868383
41.55507713158313
333.2797471427562
457.07784339464877
100.8633022560379
2634.078178609267
2309.279051831825
1248.3100853793005
14296.204421072067
4913.090394768249
2001.8349802392254
30.25719942565397
8748.877818837009
5583.251757001295
577.8056539935128
655.20484281818
149.8828561289578
4677.7215993063055
276.6708484574276
3689.615296744342
2055.2411397863457
529.7906052110113
4569.061244127371
1436.721939972474
419.922670567463
6213.942485799418
51.16395940516494
3286.9543908795818
200.86943465588146
826.7165035283352
8913.838849629696
9269.746547692437
295.5209086968114
136.16204446226243
58.18176205319992
211.59329687484575
309.9222256182199
609.496480945626
329.41050556762883
2920.8668394112624
0.533408365765986
619.7487471502616
2280.16243599779
672.92248801325
1040.6274647238201
2990.5565685279357
328.047969473666
27941.988874710143
640.5553247879725
14.903381594932874
747.7573765909295
1059.6375923642154
754.7358726750164
1553.8377981606732
460.89484247995307
525.7289243337349
81.51733314287756
6.623195922661473
620.8035284488989
192.88744999502728
2428.0782136725466
2027.4721509734638
2172.0877518222715
345.26466031313817
304.79578256062956
214.55971996925393
9726.119204872264
939.2362242260588
29.06535260907006
154.03212878366546
343.3197558251444
4136.236912051938
2697.38907901802
2093.9522324374684
3250.405341691787
54.71675475799964
1659.827052527163
687.1971321432358
2079.197578227987
674.3686039059837
20916.369295666605
136.91295235565005
79.48214795167053
188.8988478185305
215.9035277936705
304.9114720675261
130.5528546270418
3618.235932786973
214.0222835913086
2109.4001324951982
262.6497647386317
39716.4364657169
3643.8244856924707
229.5644897835847
3047.708336531785
6302.842644295847
5625.237482902024
402.1806103643333
1184.1271869120096
1241.1326611047268
217.77519788555023
93.96890874326935
2451.6369926931848
6622.607910709444
224.32799449195738
1311.1148950872175
924.571951329689
15862.52841636746
234.16858923633876
1083.6444973772009
540.0479935474989
370.2773984750163
110.31592917577493
1259.4189618329476
170.8287666982611
905.9492888148335
73.41088600375522
13086.591250429723
7639.628311055058
668.1551963383603
42.879777923765516
423.20619506774904
524.6192561593755
5246.110761427836
645.1736412417586
112.46738728815097
2307.61610724961
199.22473991691447
6105.951472838944
4576.627976359915
226.43495231954302
238.98272907779682
482.20791240829453
1525.5818062435035
149.94822551419594
579.8598816840416
575.1384625129141
13361.166677694158
2147.3327542314346
932.6767388187052
299.2494962949954
139.59335443340936
158.21609064458065
2160.7505224328193
15.761940128677931
93.22914330626153
956.5931322549015
333.805186963565
24.33136168880079
752.3706226426951
4753.4955224932455
64.32565605688501
234.52667102086266
214.03877957708596
852.4056860274021
56.91114525546715
669.4171311645957
3791.0435992195567
6384.862434844008
228.47123011571213
1731.9860223950934
6631.488504940264
7412.3847384214405
645.6699429114753
1085.510990777483
2769.9671997418295
2204.962639765851
311.06558306200907
1418.1214262757314
273.1463503008791
79.30256665931168
479.7491997191039
8079.82744900686
2093.0786730081086
4835.572578487401
617.4251526313345
599.0392205134865
8353.158158537111
1815.0501626016169
126.08383932174449
10200.520631616917
425.2413274311029
88.35007904639536
304.65823124913305
1207.7229969284397
13886.702767276105
3089.604423083103
1750.7240136873324
268.38334728167547
2407.957163260921
707.2299344875188
485.00169372479587
30.593395707112503
5747.127932907148
4097.94498589926
775.1379916881684
5686.817437494685
191.69786294899183
19818.678613227123
20833.04635872021
83.2902133581559
20.517464519442807
3752.183381497054
1204.567640012655
98.43446147006496
16893.10368535312
182.76217040265053
7109.052885802569
1004.9190116425577
209.2283704552056
375.91191187200667
351.09990203174846
4060.066323912059
144.29676265274028
145.33014332829276
374.8921281670814
7629.37874400138
179.92376828135372
865.4431191324142
2544.514894031402
8592.400837284176
629.4265048457648
861.7621950875009
5738.982609608701
86.66770654518486
33.125229553709886
933.2778917893414
867.0152544953069
5041.272232612048
563.8227072745306
636.1915693474884
828.455715217713
140.83388167610568
987.1072943956061
428.698281807216
329.4393772329762
4258.049092036776
1272.6722947638214
6998.62251983393
1155.1710644890468
1122.9622956100416
1572.9050791870702
652.8246899696333
819.3835231159352
3049.1132681299327
1544.7833394647948
738.6448587935357
49.771778363094654
821.220583885851
58.15203965815474
52.50159787328901
1434.6775966481262
9298.184179510938
471.4168269836727
5970.502104677367
1450.667494669333
155.14220606567264
1979.2170068966498
1733.9412578606605
6969.168480130694
203.65523245103878
935.3923053939117
254.3291460744057
152.86912264754758
758.579807873605
1546.6945917803066
50707.0282068012
1006.9200467621164
205.15135016270224
566.9004450049697
418.4245622165572
85.81545236898691
126.01720726101995
369.36514911826146
56.924978850136924
3790.2726349849922
1189.086108634574
329.38106530564505
64.71025116899787
332.4484691682894
153.70906758825907
243.3084354524051
2964.144492082188
2140.385109816911
631.1473369870257
53.383119438610294
1105.2906779633554
162.12076605496284
178.57990278469237
246.15501372974302
80.21173804317883
1430.7478666563456
659.8538060686221
143.0127718571539
655.8277885807984
67.22103686377379
49.7705257205383
145.20819977019704
1290.2079702630908
12225.308373623322
3048.6620104513527
6295.934732106978
861.6242495802285
1098.333308478916
2009.5119198853429
339.26603757233886
4157.509159031891
4606.668411958481
34.99637517131448
787.7101062941593
6610.821835198044
5857.474488473868
745.9501906118215
455.1150514056856
4731.361997160621
348.0694521145522
3183.648774776515
333.44123587880637
72.22926800819485
635.694435199774
166.62825085805855
739.7433374142115
256.2807493365016
144.21799424921832
459.87980371759994
126.63473338553332
689.7899585880829
1217.842660795676
24.097388454491497
9195.869122917944
9852.577132327011
21.064387530822515
274.3095533600415
1240.0958812271324
17.637625952182656
1429.587066694693
297.1701985338471
75.95573305416714
714.0399712271095
2976.5170768401017
103.95562947356218
5955.840673364864
189.27053341326604
1020.9701704444462
123.00014728439112
46.636513144437956
2957.55192164584
5840.027152009441
2635.605625246651
936.5553808968751
10497.195255495395
19.504604661291225
1187.125502986852
142.36307945267868
183.1932557127658
2153.666639416296
721.4642846860686
258.2823832487424
4544.594723279083
213.24727426619285
11455.856048974321
47.57663974738202
38.498552810017905
23.158748046137045
62.59778075576872
1660.248896829475
280.57218886506917
1551.5558716387768
8.076219901254067
337.43243983905825
220.8508579549573
12120.216132082494
2036.0649447808576
141.960443160416
353.8565202381272
1896.4793671215396
627.4083425651833
1383.7299283730897
1642.88325655072
111.52424712327358
354.49278729703383
189.93892652402477
99.34826322480772
309.9166000182341
635.5942221002664
116.76577928104726
2686.775804937125
602.4454827827208
34.16861758115397
119.86161423497288
761.4361895129985
263.0509291138394
201.5618293039978
1963.79311940329
118.90694770039234
49.80232688608366
1623.2403250447614
2044.6361950060887
3821.9302318658665
4581.157658640156
2119.1681848268586
142.81509114227876
6545.957244699385
3880.835315069131
257.73096994777814
10663.342673296384
676.7597211304932
5422.69694705676
2294.3724126402776
154.91087804746508
2533.536839063588
1537.955581770345
1682.0598615203353
654.7320748120367
1345.3543816738688
714.4325663853812
2261.620622682636
717.3173512436737
194.223313556785
135.10677984774898
391.9378396504025
61.42981523126201
571.0690304097765
1.8037643521040536
860.3393689768258
3799.6151404702914
1655.2663897406283
2099.774453710279
110.15060162812284
885.7074719281321
3802.559717751175
81.87312789526003
654.7599745064803
1118.5793561981573
606.7972650625197
2619.9536092638587
51.23225915731888
492.3431204189255
183.55867739792143
5503.351417281765
13736.500685204668
881.4775607643766
396.4956892558713
5837.548726426745
1310.0659943142023
419.03941699501513
3129.644155942324
924.2861583532158
603.6339767653164
5482.413499533123
12294.705520668902
6822.00576741595
432.1850492041146
3066.6875123941286
1650.6843604104927
2079.625376616945
175.08128112473375
906.7673957268263
7491.660936896361
11972.813253896931
3164.8952154067156
1365.1087748796865
587.7547719173259
3578.86728583261
342.6791298130283
34.820927068834884
995.3238725843528
2054.862823636516
272.68423705829605
1368.163018777968
153.84025622898756
194.48323455131256
295.5440508226714
304.69131105992363
6100.31453740919
157.83526998126572
59.83909822787625
5411.692359161135
16343.021180861871
22.641115831145697
1343.254179776121
17404.280117888004
158.29489603675916
326.1456977511901
39.725221910857925
0.754662561175401
127.14303351873957
2855.768735366482
2262.6270666184055
123.10376894550944
1857.4789910845823
714.8491663717338
2513.497315045832
4855.673221246415
50.39646610195403
412.7534334383842
55.770671280475085
96.74433999716791
3876.54945142859
15385.893262139383
4311.181511508599
1641.2251472306627
2080.0409184412947
420.859155839981
1287.1749401417999
1118.6686741037622
2092.113962482567
837.111975497562
939.921242109154
2149.644568762232
1388.6260889317325
323.2557859585761
213.5369449326352
231.95072752081325
200.38757079960945
189.61231950629377
103.85423864363031
3698.16819568054
1597.497199250386
1484.7983238594265
435.84936553324735
643.2981576596219
594.4119553222382
1832.0350641340522
165.56846657246328
974.4912732376321
53.635346249536475
206.47658735644114
1514.4200185332356
439.302283522458
203.5680144397589
3636.598111144529
121.19460831663264
762.5265261857805
1666.011716733562
285.1861725875704
4348.384316240683
422.9035346089649
1279.9019682926848
130.994496952197
504.1087799761534
404.2996217411332
1097.048439984738
118.22141360856575
1456.4989108806215
58.963250850407874
246.59708008462067
9.096501313221594
56.01051088285347
1748.3321081150582
204.58992248533204
1980.522540648033
235.36172061768835
4184.242009993044
2795.597882772782
46.535933669733524
4.888300165550863
273.06919708343094
505.64809883568705
3396.877099615847
187.6914413354247
713.7916958437129
381.6629402148441
310.4365188872027
179.52448677325262
623.949011644942
235.6677731995549
820.1332464613743
350.2960631308949
1498.035434861744
243.39925547526286
4074.712468752972
145.59883335292233
19584.832019180798
151.34296498005017
15768.364803159518
1673.1632489020321
136.26310162304645
265.5896239401212
20112.915772608554
1785.103804565502
9373.64899601385
95.14771227695506
84.69277712238599
451.60057248385675
1250.3661531227062
11934.19493014709
188.71250752456882
6025.493356929379
144.37030292270282
7209.545898013592
971.3465228155416
3874.1838719350553
54.060246877274395
1444.987185540314
24122.01684371942
363.9814599631475
2477.6967765994473
5087.935146399025
149.67866600743562
5224.795393466265
1695.5844353654936
37476.42932992915
372.0830943887088
1826.0582352944477
70.79335502350182
1180.5031484396268
13792.25188613825
4587.63056522622
12054.866446314138
12901.168304307721
69.53447590976047
929.7508050613246
974.2465232918552
473.2624167355648
696.201176435518
351.12464458694205
48.33985841300459
1891.550242590756
371.0792054462786
3352.6222657514704
2777.0247488913546
2851.187489704121
957.3703249649012
9596.382311711472
235.82786127304135
3618.9523150754967
646.8387632446393
1661.2288772592688
34.63550098614654
18.07634073202058
3528.6597460921666
684.9441255018296
128.34707594457927
15340.044238039596
1009.3493781947793
91.30703700368502
2429.927117142949
577.0570456010371
1411.9651141845545
1765.6518477320415
322.3432628463363
15260.698009527918
9337.096449758543
93.58182195358111
7472.735710875211
11594.934776576993
20167.58865540994
19385.21285209449
55.010237332475675
2023.403536404722
1196.113940756316
35.87315151124537
1037.4311391964986
9459.161263710424
5360.459694739395
328.3540212240421
1326.5232271953864
156.4197481373819
1148.174147351655
1128.6130149902317
4612.079453446027
15705.493972435579
1557.1066752626982
1412.5056834890404
20.707546571185897
580.4954314052146
8189.073560249415
25.433672904728866
16856.638100311706
994.1985999074143
4783.625996720763
338.33359656988415
551.315582150369
1010.0342314600774
177.21515092159467
2066.1149509584866
477.77197475589173
29.300655091546446
98.31831846299765
482.65007147895165
1058.844475820153
4921.111448693195
148.12855269730196
2011.5942237868278
58.135639904144384
8517.874864351406
621.9229637158596
124.44624195551145
105.60148679098491
160.29430946550295
4219.742411982031
30.787470132709327
478.44571954752666
1719.9267004517571
74.03537421336593
1589.4034261051293
49.33266792258584
55.13672889729815
77.33568881510556
57.63908601931212
485.26266753594615
9076.720281894968
231.77364688387047
440.7381510079356
346.6011125893731
3582.453270300345
815.0950807622293
3157.8837403120287
9086.75422330948
496.0019775900104
283.6148724692289
28897.05358230866
577.8635486071826
1991.9659733942274
2138.9087849616903
970.7040189325334
3939.1314115417854
1178.5499267739751
11960.7638238175
4091.1743369772767
2789.2189957648084
3869.5763267667216
483.59877924150084
890.5368127926971
186.2585234233993
3424.735425349734
1563.376663054994
531.447212981473
3974.5180620277874
117.88767823416313
89.76004973733076
347.2749020919874
10278.359456211572
4763.314073771241
113.20853740267589
110.56380798711851
752.3477942106505
1231.950427045414
1918.4387451619878
398.6205211314209
1274.4189928631688
3535.3053209923323
8186.33256715956
6595.438233449291
1570.6932245544092
2114.0678819375203
3307.9286591257583
4820.368675457953
4002.4740022828737
1468.7074059625438
176.37218699135815
3140.205455558875
3244.1044222926375
537.0907324039554
4829.135415374008
948.8031654945938
860.4401782768889
1147.220039202923
1048.2622712066125
5073.981372127556
414.37556698945554
638.5029115287821
3454.1627105017847
133.66083290625718
938.5684861859867
547.3686078866668
1228.6406364529378
260.74729946665707
2212.0889599589023
95.10242372831046
1142.498641883949
17.63676415524884
468.01376639952207
7608.702586509164
118.87550990421491
2864.682167486554
2268.479624490194
605.0860573641237
83.258503430228
129.61715838690768
13261.161345262184
9173.310430786918
1890.9122909593345
1412.4788169633807
77.76710369227224
1478.2845767846832
554.9229963669244
12175.764327552852
732.1930363819007
995.290269904614
2887.964908721841
4774.127674462347
775.4631293726555
161.191084314094
286.5712330828329
3841.5752128626245
7579.333354032358
1906.4297116838547
877.7565292236833
659.7022227925243
1972.7965797493364
1985.2770900553928
2236.3823430301522
9056.002350036251
3890.9624629406394
407.7352422558023
19295.052388637432
405.9208069966513
1936.9711724772976
212.38816293350783
4759.403125584061
2520.309036006607
51.995037842522684
38.940257153019516
800.2562261886226
7079.734714236496
266.2437778745974
555.4546552611228
11175.491713134455
149.2505851997561
3357.8875250923734
1803.6071519145435
583.9356112097294
862.9313258580185
181.60591339440035
17661.128700949546
2073.793614753505
54.23005950809801
1252.4911454440123
4437.524552817107
757.3009482382154
624.0797061579207
131.46773569543413
52.19342301038266
105.11165398848776
1548.3566482660694
927.3481994242605
35182.73957075989
62.40691508838658
380.9093832018773
1675.6854230028596
306.6390252133622
192.4964832702547
193.3270817707555
1339.796351379019
2380.2017320651457
919.9938226816639
10124.468424750088
1855.015326146514
283.9832220182914
3495.92604120601
86.41635597996799
103.89814456479573
482.47300963998316
811.7483311086415
598.9395639645068
3723.008564005215
491.10165036770906
4152.511242478352
106.33648115070393
5676.787884353218
45.835719705367154
5579.612845651849
320.86412753749016
1646.7026928473683
28445.674466074255
65.37453709900554
295.532972355661
1007.2503630761953
2298.019863951017
1508.3188298877114
2968.325957013318
77.04010518224669
319.84534944693445
760.3825412347609
13.830159215988402
2699.523531922665
8142.9534061586255
314.87096340544474
1373.238642779595
271.23971107481105
458.08565941414247
263.164113333636
821.4158723095167
560.9951425170178
3527.4321019138188
507.0425557665903
133.88745308879902
22667.807239063008
913.8201379441324
961.3714374149706
885.6870797322003
24.385047272235116
148.158981505353
1651.0798327287303
415.1123195945239
5247.031268343728
5242.276293947701
899.9284413605424
4764.42733117085
780.251022106504
751.056049727894
1702.2900380941007
12448.107249589259
4502.540283189604
129.7325130834248
693.1215175646765
561.0767744089861
1410.1418140592182
37.39668045665834
612.8004482612859
263.7792337431444
13038.872914899346
7814.630484005703
4197.187865923279
1208.5156196732894
1530.5180757323124
66.60219873751983
231.14377283381947
1197.1971332677133
96.50494718905777
1022.7144306161895
32.39764839423343
21.988342086076695
435.7081471169866
153.09314943897644
18403.777726948178
22712.994236851646
3638.1692266647337
1638.412562449909
632.9075733433887
1188.6673710692962
2281.7262220553357
5324.500112428643
1278.0135228167455
17.828684079557178
161.02378848813493
11280.042868808892
624.105794998997
482.1276030131716
591.3315856030943
1310.7894953987009
1188.0391088405772
7843.163271812593
7867.076629345549
576.6238167434157
1327.704318841705
245.33542170004364
1217.0870470294303
204.23657655811445
119.62945476210463
11071.547852160978
1994.2062706372888
3554.06793997739
628.2061917910364
105.62021353314188
12144.497537863675
114.88646364085086
145.65208484276226
384.75409681372196
92.63521755217275
6790.850736626364
389.51119150275605
125.69747225924522
1049.056127882564
14.197197363796654
572.4582137075939
172.82475866542413
2431.750224557039
2537.1935497383147
1079.7085706920507
18814.899591169542
1509.7888942213976
1.668296175361128
1760.6146994302408
589.4194614368242
9343.073300816417
682.8863205655011
530.3760082566722
1479.9680644102864
147.28839067458256
1140.2945683992582
3677.7643640269475
584.1632170564437
3911.0466991825633
796.5949980277331
522.838871562703
8112.555933519971
2370.9019494739136
8.744947171390738
204.3372460253212
180.5780898882392
566.9253969032284
500.3178770574324
433.91164178693265
835.9428596093398
959.8245180832299
2343.575010342924
818.4443102642658
2574.435320256108
426.4441855764578
219.18349814220585
148.49448286387013
549.8443115822149
564.9019583799153
2386.356275617241
125.30101809185012
145.60980509646936
1843.5853269676672
789.1830033635805
1446.492692138801
1223.9947219148783
2306.4051059744297
7177.529474340016
28.54375053674696
404.7219310179484
1641.7755296980974
39722.68837455221
1773.776183524478
1688.7196127878258
660.3648911691851
2718.780629275275
3116.0944873509957
629.3458705946997
467.07920155530934
64.2320689322795
9923.79836053673
8233.98289354891
2014.8540782609193
1670.8421893772306
84.83242742833852
4195.654058003817
30202.084411017124
2205.0545665460277
1164.0114612077145
160.5307854136928
150.7808742488459
2644.7623418555554
5202.158104201393
19.985263672961384
625.3495421236765
1302.719342849812
79.2478173574529
2617.066114034816
6067.978510217298
4183.828782944898
2953.3985596051025
647.8350324303883
7449.037860723928
115.00700342447212
2290.87041449757
342.82243946677227
901.0838582092063
113.28006116585465
2189.414256720268
57.41350051051697
15.988954467738292
777.1615400767096
80.5141887434635
482.5251732231695
2298.6853464936785
344.4166667801563
315.29431115039364
709.4535066634711
750.2368710607499
1706.9877726153316
369.3720101533016
195.73534441860164
422.66181279856374
442.76815771934207
82.72580727166634
328.11849290741435
390.5434855003609
1160.3487295876569
4227.339636053351
6212.4088987646655
4305.169674113064
1717.4907999353727
6776.761601866577
1195.4456781921863
600.1434719583032
679.893291288014
849.2867582474472
5461.918261579878
17.03969945425765
309.1570120953291
95.53164582445373
758.1078702528554
859.5568854063984
9353.220875517354
2643.0324577726315
208.9651433742734
572.2471660594586
2559.099738568393
797.5479195556079
482.87637787983726
4285.372185324676
2300.073623088139
6883.005938590648
4740.804471127557
624.4028321651385
151.37094490217385
1705.791504872889
4880.166410730769
1718.060839269009
2626.63382866537
2077.0850110711226
1394.8621018745832
652.56948667195
39.85276397556747
112.74850398192982
340.0210008818516
125.58106672206915
164.38723676633904
375.66460031924765
91.56191855129725
1583.0057443347089
18.013796578808527
3059.5739548548217
17628.07402354669
2775.523313036632
424.04578749738465
16.67917849810241
815.2609932980392
1280.6289346197764
1828.8812230086937
404.3164693567469
44.50468931511686
2.1134102350495176
136.83919174000135
6855.504483744291
26.051850077057903
62.66546292652553
974.2599644372297
156.83043984149325
1822.8057669018583
720.6415396083577
40.12777628297215
489.5858844000789
347.1914934450093
8.428269807192468
382.53098105066607
5269.855104481269
273.82966037347023
28.289860985619697
196.982129352552
22064.708297205518
396.6757109257646
149.47091548338508
795.6476365734377
103.09849063713239
1826.8761094563768
693.3935759611765
9863.064207573767
7507.908838715349
9670.955656653014
295.26233445185125
7193.586426352949
21387.03102582614
111.10350915489731
6329.41737809154
1278.4594292255758
802.9920716126626
1950.4744396297901
2641.1572256674785
400.20703255628786
156.17599486418277
842.6729854279391
184.12550310688002
755.0322268339294
1011.5586877023186
8771.393258012129
7498.184530715923
6.888902737278713
264.88681425204106
168.5316875619458
220.34342325902844
108.1987551839303
528.1468351046481
98.9222097682596
12174.757309386718
170.3272469607886
88.92371197410931
2286.7948949036986
54.01368529944772
1341.1434765925655
3907.130360226818
759.9246893965628
792.0769046329879
249.57488094591307
3659.3862411738787
218.05138018591296
1829.0205982381513
496.28223795697977
1935.676374096651
327.0921966565865
447.3141765156341
255.78874075780078
345.73948341684036
1637.748333539324
146.07297597964975
202.15360160589225
3123.6907177713656
298.15976614903093
307.3165913514253
466.21283583280217
598.5503826720806
1955.120396112342
399.97047596448397
1479.0039135441523
80.17837124532079
407.1915339893817
649.3727975938834
117.69690648719688
1998.1172052604634
4392.3499846188815
3238.0734972549008
258.4843134877057
54.656054106871906
1565.0912095758417
1986.970004692945
761.9841518746506
12.376559372562213
3582.4246917769865
1949.4347739397733
109.64885376776311
824.2593047876223
7531.032202932264
620.3981017684712
24.603346795115666
1925.686552688588
5915.57744485166
7996.6237323203295
686.0180575992025
1090.9201346468444
128.62684804511025
98.39690542765567
80.91202952570376
1135.0125258462906
113.06609851092774
446.4076914755144
22.18131470342888
507.2978561843966
10394.86697319406
267.547854071204
3710.3454399105008
546.4941417159253
130.2178117451258
193.73653828682615
2749.7847105393935
1391.5716971187542
27.2589964715908
309.3167412671294
78.33321200866328
59.62480808148207
138.03064137865027
302.9087893730131
1901.4779487903866
10.983758917271214
115.85830304292611
2448.998950544468
90.33151585681188
9334.976767983062
338.0810633422549
2626.7655315800553
1051.176186168934
4919.196558486306
137.18850666963877
85.08802448821129
450.7433601564248
488.8699558009302
358.6756005884428
1141.7656713260449
895.2334149662788
115.54284307869756
150.3462677740264
657.4833969499427
2577.0621073724296
58.99681152906622
232.54435442804368
1327.2414736104743
154.14247009131188
11290.41067730835
158.42534163390542
2911.705395685915
659.4212196525228
2801.291558321861
2275.9415616813826
6062.261395036261
501.649078956834
1959.8123816050195
384.2277872211697
165.94425270861635
203.6407984517985
602.0536193921622
1242.5206796133903
186.49238866743633
9061.319505166597
352.4230348734947
40875.33130251385
1208.4068618293363
2868.8233384369987
1013.053787553675
1084.8414882793534
962.8359306623979
1612.5613399111228
45.47528334343242
2090.3317616069894
260.80789530760205
188.92489816605408
1281.604297479899
68.483473121006
862.2006432159934
135.8736044901443
1989.4424438839042
192.8617506319008
5000.427381614436
351.10290478406193
1888.9180857160293
70.29396885870342
235.51946847745197
627.0943690371955
1863.1488261885543
16.113306510101566
3589.8683770763773
3207.868207904485
57.575830368772344
521.2842288065622
100.00931992832918
1937.9597235690494
952.5005036023049
60.237737344481786
7218.335495171302
725.2385522117155
1256.3770956617427
356.3096923090869
469.3641422084727
283.65302041075677
876.7454979307421
932.7237861323945
106.18573956173717
980.9147213349356
1253.6318149235615
290.86472859388704
417.6614236495957
125.56758830131187
2217.5657009622096
360.71760249661855
988.3970251195695
13656.954769473428
408.2901442097997
3826.8255910428593
6086.807869809796
12521.74112444251
137.90413989092087
102.61027936865341
754.8721109314927
1696.1647148371005
622.9038193714564
2594.2773089944417
289.4501176121445
1374.906763842887
4566.2145594501435
262.36113550346386
173.3544108797891
4.453984235175401
571.4864165463518
1391.8653130473247
7419.306504851209
159.67013733853008
18018.27285722678
143.56730545366236
652.3775214937633
257.52401705946284
1523.6559360687352
3362.3578285381204
21.595257559325898
9.694652437319817
285.0457251601046
181.93264968091594
115.07038978030293
687.5085084948273
5345.85382220455
880.2337589172593
346.72442115977196
873.4366958823348
167.00102635488489
1363.6233396155385
6733.889709255214
329.91014001719776
208.73996452566158
1189.0494852106692
282.14428663287936
2297.013498200573
3999.209326026365
217.3219917002589
9269.345540497277
916.612602428235
44.798664348810746
3093.3461079249214
1986.3574301212107
702.8778187822327
22.272392445987776
60901.320846374685
8557.946101969372
1651.2831117414971
10278.39805368017
426.16971152015236
2191.973590640506
243.54789707558
151.7372642704462
3839.3870927134753
2964.9695687900103
1293.8259461899859
2769.9523337532337
4297.187013292602
249.63357898259986
1371.380470011352
11743.841900329422
436.2168085389695
537.0461103507473
603.5795878696737
4214.953026509239
5115.154104992836
726.3106480690395
1627.8781979111811
293.23312530704635
4980.344662265868
332.2504155622741
41.40688428908579
3967.9099553609153
3806.673231627555
568.1445068408398
245.78310537402004
674.0996801887334
146.72706191479756
640.1113849298534
438.57514178085034
3068.6110900235763
540.3919147797365
114.88063794996562
125.09862162116691
39.91346047789168
243.88971210095312
1349.672133426283
7023.781372142724
132.61048532914322
759.0466873201751
131.47643570131652
326.44433382488234
4190.823499132924
133.2859036749068
225.39247964494803
2300.6326110010077
687.9632977466632
64744.66139289061
506.9910838609415
4819.2668172641115
1487.6111434944273
349.5972581418649
34.06338132309061
704.1497266612073
2663.186153170105
128.31115922925517
1685.3570918369144
5580.357752201648
1880.6948520957435
181.0177728696516
2678.574198525752
297.7254767998594
115.71630275347688
1174.3962993621903
414.61287494812814
3446.6920710779946
455.5629604651057
179.00054570167967
276.2916037223895
2213.704631597979
38.39761781581075
1209.1707508999682
6277.746044254862
334.2561459406146
383.39184939246707
1831.1801094509583
730.3667726209384
437.06543241168737
434.51251919099934
56.41225581313192
5680.800359045291
66.00720130569559
26.407828473606898
863.8061141788778
1806.575933276633
178.54505011846155
492.94843184284343
361.33761397082463
4369.231829351994
1393.8411481770552
126.90666525685401
561.8573967178797
3190.6107884567937
9214.747158692504
12725.509666051483
12271.038020927283
223.52844565249885
61.92484280349575
8568.615988907368
10.679565936078106
716.2531685152129
4732.842820209915
62.666558239754536
1618.2693006844606
283.4526907502299
247.12199897580777
8648.28802985861
726.7365662455561
295.0672198326676
114.90527334809819
4164.794096700897
94.50490515352516
98.97299163851292
27.41821745959605
2346.2669145477234
15648.109436049286
727.274197429495
5595.999382413652
